asc_cycling = -2.276872348778137
asc_cycling_female = -0.8237836856509061
asc_driving = 0.04712983293894845
asc_driving_female = 0.07703445806878957
asc_pt = 1.4426941444594563
asc_pt_female = 0.21005856230884615
beta_cost = -0.13383634101169795
beta_time_cycling = -2.928937525780288
beta_time_driving = -2.749083248466858
beta_time_pt = -2.247255091100026
beta_time_walking = -4.864131530819422
lambda_boxcox = 0.1881634861775231
