asc_cycling = -3.794241703732743
asc_driving = -1.2447538825352484
asc_pt = -0.5293253314720114
beta_cost = -0.15619285214710846
beta_time = -5.080436885557985
